What angle (in radians) do you wish to rotate on the x axis by?What angle (in radians) do you wish to rotate on the y axis by?What angle (in radians) do you wish to rotate on the z axis by?(272, 211, 272)
(323, 204, 272)
(374, 198, 272)
(425, 192, 272)
(476, 186, 272)
(527, 180, 272)
(528, 130, 272)
(528, 140, 272)
(528, 150, 272)
(528, 160, 272)
(528, 170, 272)
(528, 180, 272)
(528, 180, 272)
(528, 206, 323)
(528, 233, 374)
(528, 259, 425)
(528, 285, 476)
(528, 311, 527)
(272, 160, 272)
(272, 170, 272)
(272, 180, 272)
(272, 190, 272)
(272, 200, 272)
(272, 210, 272)
(272, 237, 323)
(272, 263, 374)
(272, 289, 425)
(272, 316, 476)
(272, 342, 527)
(323, 154, 272)
(374, 148, 272)
(425, 142, 272)
(476, 136, 272)
(527, 130, 272)
(528, 156, 323)
(528, 182, 374)
(528, 209, 425)
(528, 235, 476)
(528, 261, 527)
(272, 186, 323)
(272, 213, 374)
(272, 239, 425)
(272, 265, 476)
(272, 292, 527)
(272, 343, 528)
(323, 336, 528)
(374, 330, 528)
(425, 324, 528)
(476, 318, 528)
(527, 312, 528)
(528, 262, 528)
(528, 272, 528)
(528, 282, 528)
(528, 292, 528)
(528, 302, 528)
(528, 312, 528)
(272, 292, 528)
(272, 302, 528)
(272, 312, 528)
(272, 322, 528)
(272, 332, 528)
(272, 342, 528)
(323, 286, 528)
(374, 280, 528)
(425, 274, 528)
(476, 268, 528)
(527, 262, 528)
(528, 312, 528)
(550, 141, 250)
(699, 123, 250)
(550, 170, 250)
(550, 112, 250)
(401, 159, 250)
(699, 123, 250)
(551, 170, 250)
(551, 111, 250)
(699, 123, 250)
(549, 170, 250)
(401, 159, 250)
(401, 158, 250)
(549, 112, 250)
(699, 124, 250)
(552, 170, 250)
(552, 112, 250)
(699, 123, 250)
(548, 171, 250)
(401, 159, 250)
(401, 158, 250)
(548, 112, 250)
(699, 124, 250)
(553, 170, 250)
(553, 111, 250)
(699, 123, 250)
(547, 170, 250)
(401, 159, 250)
(401, 158, 250)
(547, 112, 250)
(699, 124, 250)
(554, 170, 250)
(554, 111, 250)
(699, 122, 250)
(546, 171, 250)
(401, 159, 250)
(401, 158, 250)
(546, 112, 250)
(699, 124, 250)
(555, 170, 250)
(555, 111, 250)
(699, 122, 250)
(545, 171, 250)
(401, 160, 250)
(401, 158, 250)
(545, 112, 250)
(699, 124, 250)
(556, 169, 250)
(556, 111, 250)
(699, 122, 250)
(544, 171, 250)
(401, 160, 250)
(401, 157, 250)
(544, 112, 250)
(699, 125, 250)
(557, 169, 250)
(557, 111, 250)
(699, 122, 250)
(543, 171, 250)
(401, 160, 250)
(401, 157, 250)
(543, 113, 250)
(699, 125, 250)
(558, 169, 250)
(558, 111, 250)
(699, 122, 250)
(542, 171, 250)
(401, 160, 250)
(401, 157, 250)
(542, 113, 250)
(699, 125, 250)
(559, 169, 250)
(559, 111, 250)
(699, 121, 250)
(541, 171, 250)
(401, 160, 250)
(401, 157, 250)
(541, 113, 250)
(699, 125, 250)
(560, 169, 250)
(560, 110, 250)
(699, 121, 250)
(540, 171, 250)
(401, 161, 250)
(401, 157, 250)
(540, 113, 250)
(699, 125, 250)
(561, 169, 250)
(561, 110, 250)
(699, 121, 250)
(539, 172, 250)
(401, 161, 250)
(401, 156, 250)
(539, 113, 250)
(699, 126, 250)
(562, 169, 250)
(562, 110, 250)
(699, 121, 250)
(538, 171, 250)
(401, 161, 250)
(401, 156, 250)
(538, 113, 250)
(699, 126, 250)
(563, 168, 250)
(563, 110, 250)
(699, 121, 250)
(537, 172, 250)
(401, 161, 250)
(401, 156, 250)
(537, 113, 250)
(699, 126, 250)
(564, 168, 250)
(564, 110, 250)
(699, 120, 250)
(536, 172, 250)
(401, 161, 250)
(401, 156, 250)
(536, 113, 250)
(699, 126, 250)
(565, 168, 250)
(565, 110, 250)
(699, 120, 250)
(535, 172, 250)
(401, 162, 250)
(401, 156, 250)
(535, 113, 250)
(699, 126, 250)
(566, 168, 250)
(566, 110, 250)
(699, 120, 250)
(534, 172, 250)
(401, 162, 250)
(401, 155, 250)
(534, 114, 250)
(699, 127, 250)
(567, 168, 250)
(567, 110, 250)
(699, 120, 250)
(533, 172, 250)
(401, 162, 250)
(401, 155, 250)
(533, 114, 250)
(699, 127, 250)
(568, 168, 250)
(568, 110, 250)
(699, 120, 250)
(532, 172, 250)
(401, 162, 250)
(401, 155, 250)
(532, 114, 250)
(698, 127, 250)
(568, 168, 250)
(568, 110, 250)
(698, 120, 250)
(532, 172, 250)
(402, 162, 250)
(402, 155, 250)
(532, 114, 250)
(698, 127, 250)
(569, 168, 250)
(569, 110, 250)
(698, 120, 250)
(531, 172, 250)
(402, 162, 250)
(402, 155, 250)
(531, 114, 250)
(698, 127, 250)
(570, 167, 250)
(570, 109, 250)
(698, 119, 250)
(530, 172, 250)
(402, 163, 250)
(402, 155, 250)
(530, 114, 250)
(698, 127, 250)
(571, 168, 250)
(571, 109, 250)
(698, 119, 250)
(529, 173, 250)
(402, 163, 250)
(402, 155, 250)
(529, 115, 250)
(698, 127, 250)
(572, 167, 250)
(572, 109, 250)
(698, 119, 250)
(528, 172, 250)
(402, 163, 250)
(402, 154, 250)
(528, 114, 250)
(698, 128, 250)
(573, 167, 250)
(573, 109, 250)
(698, 119, 250)
(527, 173, 250)
(402, 163, 250)
(402, 154, 250)
(527, 115, 250)
(698, 128, 250)
(574, 167, 250)
(574, 109, 250)
(698, 119, 250)
(526, 173, 250)
(402, 163, 250)
(402, 154, 250)
(526, 115, 250)
(698, 128, 250)
(575, 167, 250)
(575, 109, 250)
(698, 118, 250)
(525, 173, 250)
(402, 164, 250)
(402, 154, 250)
(525, 115, 250)
(697, 128, 250)
(575, 167, 250)
(575, 109, 250)
(697, 118, 250)
(525, 173, 250)
(403, 163, 250)
(403, 154, 250)
(525, 115, 250)
(697, 128, 250)
(576, 167, 250)
(576, 109, 250)
(697, 118, 250)
(524, 173, 250)
(403, 164, 250)
(403, 153, 250)
(524, 115, 250)
(697, 129, 250)
(577, 167, 250)
(577, 109, 250)
(697, 118, 250)
(523, 173, 250)
(403, 164, 250)
(403, 153, 250)
(523, 115, 250)
(697, 129, 250)
(578, 166, 250)
(578, 109, 250)
(697, 118, 250)
(522, 173, 250)
(403, 164, 250)
(403, 153, 250)
(522, 115, 250)
(697, 129, 250)
(579, 166, 250)
(579, 109, 250)
(697, 118, 250)
(521, 173, 250)
(403, 164, 250)
(403, 153, 250)
(521, 116, 250)
(697, 129, 250)
(580, 166, 250)
(580, 108, 250)
(697, 117, 250)
(520, 173, 250)
(403, 164, 250)
(403, 153, 250)
(520, 116, 250)
(696, 129, 250)
(580, 166, 250)
(580, 109, 250)
(696, 118, 250)
(520, 173, 250)
(404, 164, 250)
(404, 152, 250)
(520, 116, 250)
(696, 130, 250)
(581, 166, 250)
(581, 109, 250)
(696, 117, 250)
(519, 173, 250)
(404, 164, 250)
(404, 152, 250)
(519, 116, 250)
(696, 130, 250)
(582, 166, 250)
(582, 108, 250)
(696, 117, 250)
(518, 173, 250)
(404, 165, 250)
(404, 152, 250)
(518, 116, 250)
(696, 130, 250)
(583, 165, 250)
(583, 108, 250)
(696, 117, 250)
(517, 173, 250)
(404, 165, 250)
(404, 152, 250)
(517, 116, 250)
(696, 130, 250)
(584, 166, 250)
(584, 108, 250)
(696, 117, 250)
(516, 174, 250)
(404, 165, 250)
(404, 152, 250)
(516, 116, 250)
(696, 130, 250)
(585, 165, 250)
(585, 108, 250)
(696, 117, 250)
(515, 174, 250)
(404, 165, 250)
(404, 151, 250)
(515, 116, 250)
(695, 130, 250)
(585, 165, 250)
(585, 108, 250)
(695, 117, 250)
(515, 173, 250)
(405, 165, 250)
(405, 151, 250)
(515, 117, 250)
(695, 130, 250)
(586, 165, 250)
(586, 108, 250)
(695, 117, 250)
(514, 174, 250)
(405, 165, 250)
(405, 151, 250)
(514, 117, 250)
(695, 131, 250)
(587, 165, 250)
(587, 108, 250)
(695, 116, 250)
(513, 174, 250)
(405, 166, 250)
(405, 151, 250)
(513, 117, 250)
(695, 131, 250)
(588, 165, 250)
(588, 108, 250)
(695, 116, 250)
(512, 174, 250)
(405, 166, 250)
(405, 151, 250)
(512, 117, 250)
(695, 131, 250)
(589, 165, 250)
(589, 108, 250)
(695, 116, 250)
(511, 174, 250)
(405, 166, 250)
(405, 151, 250)
(511, 117, 250)
(694, 131, 250)
(589, 164, 250)
(589, 108, 250)
(694, 116, 250)
(511, 174, 250)
(406, 166, 250)
(406, 150, 250)
(511, 117, 250)
(694, 131, 250)
(590, 164, 250)
(590, 108, 250)
(694, 116, 250)
(510, 174, 250)
(406, 166, 250)
(406, 150, 250)
(510, 118, 250)
(694, 132, 250)
(591, 164, 250)
(591, 108, 250)
(694, 116, 250)
(509, 174, 250)
(406, 166, 250)
(406, 150, 250)
(509, 117, 250)
(694, 132, 250)
(592, 164, 250)
(592, 108, 250)
(694, 115, 250)
(508, 174, 250)
(406, 166, 250)
(406, 150, 250)
(508, 118, 250)
(694, 132, 250)
(593, 164, 250)
(593, 107, 250)
(694, 115, 250)
(507, 174, 250)
(406, 167, 250)
(406, 150, 250)
(507, 118, 250)
(693, 132, 250)
(593, 164, 250)
(593, 108, 250)
(693, 115, 250)
(507, 174, 250)
(407, 166, 250)
(407, 149, 250)
(507, 118, 250)
(693, 132, 250)
(594, 164, 250)
(594, 108, 250)
(693, 115, 250)
(506, 174, 250)
(407, 167, 250)
(407, 149, 250)
(506, 118, 250)
(693, 133, 250)
(595, 164, 250)
(595, 107, 250)
(693, 115, 250)
(505, 174, 250)
(407, 167, 250)
(407, 149, 250)
(505, 118, 250)
(693, 133, 250)
(596, 163, 250)
(596, 107, 250)
(693, 115, 250)
(504, 174, 250)
(407, 167, 250)
(407, 149, 250)
(504, 118, 250)
(692, 133, 250)
(596, 163, 250)
(596, 107, 250)
(692, 115, 250)
(504, 174, 250)
(408, 167, 250)
(408, 149, 250)
(504, 119, 250)
(692, 133, 250)
(597, 163, 250)
(597, 108, 250)
(692, 115, 250)
(503, 174, 250)
(408, 167, 250)
(408, 149, 250)
(503, 119, 250)
(692, 133, 250)
(598, 163, 250)
(598, 107, 250)
(692, 115, 250)
(502, 174, 250)
(408, 167, 250)
(408, 149, 250)
(502, 119, 250)
(692, 133, 250)
(599, 163, 250)
(599, 107, 250)
(692, 114, 250)
(501, 175, 250)
(408, 167, 250)
(408, 148, 250)
(501, 119, 250)
(691, 134, 250)
(599, 163, 250)
(599, 107, 250)
(691, 114, 250)
(501, 174, 250)
(409, 167, 250)
(409, 148, 250)
(501, 119, 250)
(691, 134, 250)
(600, 163, 250)
(600, 107, 250)
(691, 114, 250)
(500, 175, 250)
(409, 168, 250)
(409, 148, 250)
(500, 119, 250)
(691, 134, 250)
(601, 162, 250)
(601, 107, 250)
(691, 114, 250)
(499, 175, 250)
(409, 168, 250)
(409, 148, 250)
(499, 119, 250)
(691, 134, 250)
(602, 162, 250)
(602, 107, 250)
(691, 114, 250)
(498, 175, 250)
(409, 168, 250)
(409, 148, 250)
(498, 119, 250)
(690, 134, 250)
(602, 162, 250)
(602, 107, 250)
(690, 114, 250)
(498, 175, 250)
(410, 168, 250)
(410, 147, 250)
(498, 120, 250)
(690, 135, 250)
(603, 162, 250)
(603, 107, 250)
(690, 114, 250)
(497, 175, 250)
(410, 168, 250)
(410, 147, 250)
(497, 120, 250)
(690, 135, 250)
(604, 162, 250)
(604, 107, 250)
(690, 114, 250)
(496, 175, 250)
(410, 168, 250)
(410, 147, 250)
(496, 120, 250)
(689, 135, 250)
(604, 162, 250)
(604, 107, 250)
(689, 114, 250)
(496, 174, 250)
(411, 168, 250)
(411, 147, 250)
(496, 120, 250)
(689, 135, 250)
(605, 161, 250)
(605, 107, 250)
(689, 114, 250)
(495, 175, 250)
(411, 168, 250)
(411, 147, 250)
(495, 120, 250)
(689, 135, 250)
(606, 162, 250)
(606, 107, 250)
(689, 113, 250)
(494, 175, 250)
(411, 168, 250)
(411, 147, 250)
(494, 120, 250)
(689, 136, 250)
(607, 161, 250)
(607, 107, 250)
(689, 113, 250)
(493, 175, 250)
(411, 169, 250)
(411, 146, 250)
(493, 120, 250)
(688, 136, 250)
(607, 161, 250)
(607, 107, 250)
(688, 113, 250)
(493, 175, 250)
(412, 169, 250)
(412, 146, 250)
(493, 121, 250)
(688, 136, 250)
(608, 161, 250)
(608, 107, 250)
(688, 113, 250)
(492, 175, 250)
(412, 169, 250)
(412, 146, 250)
(492, 121, 250)
(688, 136, 250)
(609, 161, 250)
(609, 107, 250)
(688, 113, 250)
(491, 175, 250)
(412, 169, 250)
(412, 146, 250)
(491, 121, 250)
(687, 136, 250)
(609, 161, 250)
(609, 107, 250)
(687, 113, 250)
(491, 175, 250)
(413, 169, 250)
(413, 146, 250)
(491, 121, 250)
(687, 136, 250)
(610, 161, 250)
(610, 107, 250)
(687, 113, 250)
(490, 175, 250)
(413, 169, 250)
(413, 145, 250)
(490, 121, 250)
(687, 137, 250)
(611, 160, 250)
(611, 107, 250)
(687, 112, 250)
(489, 175, 250)
(413, 169, 250)
(413, 145, 250)
(489, 121, 250)
(687, 137, 250)
(612, 160, 250)
(612, 107, 250)
(687, 112, 250)
(488, 175, 250)
(413, 169, 250)
(413, 145, 250)
(488, 121, 250)
(686, 137, 250)
(612, 160, 250)
(612, 107, 250)
(686, 112, 250)
(488, 175, 250)
(414, 169, 250)
(414, 145, 250)
(488, 122, 250)
(686, 137, 250)
(613, 160, 250)
(613, 107, 250)
(686, 112, 250)
(487, 175, 250)
(414, 169, 250)
(414, 145, 250)
(487, 122, 250)
(686, 137, 250)
(614, 160, 250)
(614, 107, 250)
(686, 112, 250)
(486, 175, 250)
(414, 170, 250)
(414, 145, 250)
(486, 122, 250)
(685, 137, 250)
(614, 160, 250)
(614, 107, 250)
(685, 112, 250)
(486, 175, 250)
(415, 170, 250)
(415, 144, 250)
(486, 122, 250)
(685, 137, 250)
(615, 159, 250)
(615, 107, 250)
(685, 112, 250)
(485, 175, 250)
(415, 170, 250)
(415, 144, 250)
(485, 122, 250)
(685, 138, 250)
(616, 160, 250)
(616, 106, 250)
(685, 112, 250)
(484, 175, 250)
(415, 170, 250)
(415, 144, 250)
(484, 122, 250)
(684, 138, 250)
(616, 159, 250)
(616, 107, 250)
(684, 112, 250)
(484, 175, 250)
(416, 170, 250)
(416, 144, 250)
(484, 123, 250)
(684, 138, 250)
(617, 159, 250)
(617, 107, 250)
(684, 112, 250)
(483, 175, 250)
(416, 170, 250)
(416, 144, 250)
(483, 123, 250)
(684, 138, 250)
(618, 159, 250)
(618, 106, 250)
(684, 111, 250)
(482, 175, 250)
(416, 170, 250)
(416, 143, 250)
(482, 123, 250)
(683, 138, 250)
(618, 159, 250)
(618, 107, 250)
(683, 112, 250)
(482, 175, 250)
(417, 170, 250)
(417, 144, 250)
(482, 123, 250)
(683, 139, 250)
(619, 159, 250)
(619, 106, 250)
(683, 111, 250)
(481, 175, 250)
(417, 170, 250)
(417, 143, 250)
(481, 123, 250)
(683, 139, 250)
(620, 159, 250)
(620, 107, 250)
(683, 111, 250)
(480, 175, 250)
(417, 170, 250)
(417, 143, 250)
(480, 123, 250)
(682, 139, 250)
(620, 158, 250)
(620, 107, 250)
(682, 111, 250)
(480, 175, 250)
(418, 170, 250)
(418, 143, 250)
(480, 123, 250)
(682, 139, 250)
(621, 158, 250)
(621, 107, 250)
(682, 111, 250)
(479, 175, 250)
(418, 170, 250)
(418, 143, 250)
(479, 123, 250)
(682, 139, 250)
(622, 158, 250)
(622, 106, 250)
(682, 111, 250)
(478, 175, 250)
(418, 171, 250)
(418, 143, 250)
(478, 124, 250)
(681, 139, 250)
(622, 158, 250)
(622, 106, 250)
(681, 111, 250)
(478, 175, 250)
(419, 171, 250)
(419, 142, 250)
(478, 124, 250)
(681, 140, 250)
(623, 158, 250)
(623, 107, 250)
(681, 111, 250)
(477, 175, 250)
(419, 171, 250)
(419, 142, 250)
(477, 124, 250)
(681, 140, 250)
(624, 158, 250)
(624, 106, 250)
(681, 111, 250)
(476, 175, 250)
(419, 171, 250)
(419, 142, 250)
(476, 124, 250)
(680, 140, 250)
(624, 157, 250)
(624, 107, 250)
(680, 111, 250)
(476, 175, 250)
(420, 171, 250)
(420, 142, 250)
(476, 124, 250)
(680, 140, 250)
(625, 157, 250)
(625, 106, 250)
(680, 111, 250)
(475, 175, 250)
(420, 171, 250)
(420, 142, 250)
(475, 124, 250)
(679, 140, 250)
(625, 157, 250)
(625, 107, 250)
(679, 111, 250)
(475, 175, 250)
(421, 171, 250)
(421, 142, 250)
(475, 125, 250)
(679, 140, 250)
(626, 157, 250)
(626, 107, 250)
(679, 111, 250)
(474, 175, 250)
(421, 171, 250)
(421, 141, 250)
(474, 125, 250)
(679, 140, 250)
(627, 157, 250)
(627, 106, 250)
(679, 110, 250)
(473, 175, 250)
(421, 171, 250)
(421, 141, 250)
(473, 125, 250)
(678, 141, 250)
(627, 157, 250)
(627, 107, 250)
(678, 111, 250)
(473, 175, 250)
(422, 171, 250)
(422, 141, 250)
(473, 125, 250)
(678, 141, 250)
(628, 157, 250)
(628, 106, 250)
(678, 110, 250)
(472, 175, 250)
(422, 172, 250)
(422, 141, 250)
(472, 125, 250)
(678, 141, 250)
(629, 157, 250)
(629, 106, 250)
(678, 110, 250)
(471, 176, 250)
(422, 172, 250)
(422, 141, 250)
(471, 125, 250)
(677, 141, 250)
(629, 156, 250)
(629, 106, 250)
(677, 110, 250)
(471, 175, 250)
(423, 172, 250)
(423, 140, 250)
(471, 125, 250)
(677, 141, 250)
(630, 156, 250)
(630, 106, 250)
(677, 110, 250)
(470, 175, 250)
(423, 172, 250)
(423, 140, 250)
(470, 125, 250)
(676, 141, 250)
(630, 156, 250)
(630, 107, 250)
(676, 110, 250)
(470, 175, 250)
(424, 172, 250)
(424, 140, 250)
(470, 126, 250)
(676, 142, 250)
(631, 156, 250)
(631, 106, 250)
(676, 110, 250)
(469, 175, 250)
(424, 172, 250)
(424, 140, 250)
(469, 126, 250)
(676, 142, 250)
(632, 156, 250)
(632, 106, 250)
(676, 110, 250)
(468, 175, 250)
(424, 172, 250)
(424, 140, 250)
(468, 126, 250)
(675, 142, 250)
(632, 156, 250)
(632, 106, 250)
(675, 110, 250)
(468, 175, 250)
(425, 172, 250)
(425, 140, 250)
(468, 126, 250)
(675, 142, 250)
(633, 156, 250)
(633, 107, 250)
(675, 110, 250)
(467, 175, 250)
(425, 172, 250)
(425, 140, 250)
(467, 126, 250)
(674, 142, 250)
(633, 155, 250)
(633, 107, 250)
(674, 110, 250)
(467, 175, 250)
(426, 172, 250)
(426, 139, 250)
(467, 126, 250)
(674, 143, 250)
(634, 155, 250)
(634, 107, 250)
(674, 109, 250)
(466, 175, 250)
(426, 172, 250)
(426, 139, 250)
(466, 127, 250)
(674, 143, 250)
(635, 155, 250)
(635, 106, 250)
(674, 109, 250)
(465, 175, 250)
(426, 172, 250)
(426, 139, 250)
(465, 127, 250)
(673, 143, 250)
(635, 155, 250)
(635, 107, 250)
(673, 110, 250)
(465, 175, 250)
(427, 172, 250)
(427, 139, 250)
(465, 127, 250)
(673, 143, 250)
(636, 155, 250)
(636, 107, 250)
(673, 109, 250)
(464, 175, 250)
(427, 172, 250)
(427, 139, 250)
(464, 127, 250)
(672, 143, 250)
(636, 155, 250)
(636, 107, 250)
(672, 110, 250)
(464, 175, 250)
(428, 172, 250)
(428, 139, 250)
(464, 127, 250)
(672, 143, 250)
(637, 154, 250)
(637, 107, 250)
(672, 109, 250)
(463, 175, 250)
(428, 172, 250)
(428, 138, 250)
(463, 127, 250)
(672, 144, 250)
(638, 154, 250)
(638, 106, 250)
(672, 109, 250)
(462, 175, 250)
(428, 173, 250)
(428, 138, 250)
(462, 128, 250)
(671, 144, 250)
(638, 154, 250)
(638, 107, 250)
(671, 109, 250)
(462, 175, 250)
(429, 173, 250)
(429, 138, 250)
(462, 128, 250)
(671, 144, 250)
(639, 154, 250)
(639, 107, 250)
(671, 109, 250)
(461, 175, 250)
(429, 173, 250)
(429, 138, 250)
(461, 128, 250)
(670, 144, 250)
(639, 154, 250)
(639, 107, 250)
(670, 109, 250)
(461, 175, 250)
(430, 173, 250)
(430, 138, 250)
(461, 128, 250)
(670, 144, 250)
(640, 154, 250)
(640, 107, 250)
(670, 109, 250)
(460, 175, 250)
(430, 173, 250)
(430, 138, 250)
(460, 128, 250)
(670, 145, 250)
(641, 153, 250)
(641, 106, 250)
(670, 109, 250)
(459, 175, 250)
(430, 173, 250)
(430, 137, 250)
(459, 128, 250)
(669, 144, 250)
(641, 153, 250)
(641, 107, 250)
(669, 109, 250)
(459, 175, 250)
(431, 173, 250)
(431, 137, 250)
(459, 129, 250)
(669, 145, 250)
(642, 153, 250)
(642, 106, 250)
(669, 109, 250)
(458, 175, 250)
(431, 173, 250)
(431, 137, 250)
(458, 128, 250)
(668, 145, 250)
(642, 153, 250)
(642, 107, 250)
(668, 109, 250)
(458, 175, 250)
(432, 173, 250)
(432, 137, 250)
(458, 129, 250)
(668, 145, 250)
(643, 153, 250)
(643, 107, 250)
(668, 108, 250)
(457, 175, 250)
(432, 173, 250)
(432, 137, 250)
(457, 129, 250)
(667, 145, 250)
(643, 153, 250)
(643, 107, 250)
(667, 109, 250)
(457, 175, 250)
(433, 173, 250)
(433, 137, 250)
(457, 129, 250)
(667, 145, 250)
(644, 152, 250)
(644, 107, 250)
(667, 108, 250)
(456, 175, 250)
(433, 173, 250)
(433, 137, 250)
(456, 129, 250)
(666, 145, 250)
(644, 152, 250)
(644, 107, 250)
(666, 109, 250)
(456, 175, 250)
(434, 173, 250)
(434, 136, 250)
(456, 129, 250)
(666, 146, 250)
(645, 152, 250)
(645, 107, 250)
(666, 108, 250)
(455, 175, 250)
(434, 173, 250)
(434, 136, 250)
(455, 130, 250)
(666, 146, 250)
(646, 152, 250)
(646, 107, 250)
(666, 108, 250)
(454, 175, 250)
(434, 173, 250)
(434, 136, 250)
(454, 130, 250)
(665, 146, 250)
(646, 152, 250)
(646, 107, 250)
(665, 108, 250)
(454, 175, 250)
(435, 174, 250)
(435, 136, 250)
(454, 130, 250)
(665, 146, 250)
(647, 152, 250)
(647, 107, 250)
(665, 108, 250)
(453, 175, 250)
(435, 174, 250)
(435, 136, 250)
(453, 130, 250)
(664, 146, 250)
(647, 152, 250)
(647, 107, 250)
(664, 108, 250)
(453, 175, 250)
(436, 174, 250)
(436, 136, 250)
(453, 130, 250)
(664, 147, 250)
(648, 152, 250)
(648, 107, 250)
(664, 108, 250)
(452, 175, 250)
(436, 174, 250)
(436, 135, 250)
(452, 130, 250)
(663, 146, 250)
(648, 151, 250)
(648, 107, 250)
(663, 108, 250)
(452, 175, 250)
(437, 174, 250)
(437, 135, 250)
(452, 131, 250)
(663, 147, 250)
(649, 151, 250)
(649, 107, 250)
(663, 108, 250)
(451, 175, 250)
(437, 174, 250)
(437, 135, 250)
(451, 130, 250)
(662, 147, 250)
(649, 151, 250)
(649, 107, 250)
(662, 108, 250)
(451, 175, 250)
(438, 174, 250)
(438, 135, 250)
(451, 131, 250)
(662, 147, 250)
(650, 151, 250)
(650, 107, 250)
(662, 108, 250)
(450, 175, 250)
(438, 174, 250)
(438, 135, 250)
(450, 131, 250)
(661, 147, 250)
(650, 151, 250)
(650, 107, 250)
(661, 108, 250)
(450, 175, 250)
(439, 174, 250)
(439, 134, 250)
(450, 131, 250)
(661, 148, 250)
(651, 151, 250)
(651, 107, 250)
(661, 108, 250)
(449, 175, 250)
(439, 174, 250)
(439, 134, 250)
(449, 131, 250)
(660, 147, 250)
(651, 151, 250)
(651, 107, 250)
(660, 108, 250)
(449, 175, 250)
(440, 174, 250)
(440, 134, 250)
(449, 132, 250)
(660, 148, 250)
(652, 150, 250)
(652, 107, 250)
(660, 108, 250)
(448, 175, 250)
(440, 174, 250)
(440, 134, 250)
(448, 131, 250)
(659, 148, 250)
(652, 150, 250)
(652, 107, 250)
(659, 108, 250)
(448, 175, 250)
(441, 174, 250)
(441, 134, 250)
(448, 132, 250)
(659, 148, 250)
(653, 150, 250)
(653, 107, 250)
(659, 108, 250)
(447, 174, 250)
(441, 174, 250)
(441, 134, 250)
(447, 132, 250)
(659, 148, 250)
(654, 150, 250)
(654, 107, 250)
(659, 108, 250)
(446, 175, 250)
(441, 174, 250)
(441, 133, 250)
(446, 132, 250)
(658, 148, 250)
(654, 149, 250)
(654, 107, 250)
(658, 107, 250)
(446, 174, 250)
(442, 174, 250)
(442, 133, 250)
(446, 132, 250)
(658, 149, 250)
(655, 150, 250)
(655, 107, 250)
(658, 107, 250)
(445, 175, 250)
(442, 174, 250)
(442, 133, 250)
(445, 132, 250)
(657, 149, 250)
(655, 149, 250)
(655, 107, 250)
(657, 107, 250)
(445, 175, 250)
(443, 174, 250)
(443, 133, 250)
(445, 132, 250)
(657, 149, 250)
(656, 149, 250)
(656, 107, 250)
(657, 107, 250)
(444, 174, 250)
(443, 174, 250)
(443, 133, 250)
(444, 133, 250)
(656, 149, 250)
(656, 108, 250)
(444, 174, 250)
(444, 133, 250)
(699, 123, 250)
(596, 163, 250)
(429, 172, 250)
(429, 138, 250)
(595, 108, 250)
(550, 170, 250)
(550, 141, 250)
(699, 123, 250)
(550, 218, 399)
(550, 64, 101)
(401, 159, 250)
(699, 124, 251)
(551, 217, 399)
(551, 64, 101)
(699, 123, 249)
(549, 218, 399)
(401, 159, 251)
(401, 158, 249)
(549, 64, 101)
(699, 124, 252)
(552, 218, 399)
(552, 64, 101)
(699, 122, 248)
(548, 218, 399)
(401, 160, 252)
(401, 158, 248)
(548, 64, 101)
(699, 125, 253)
(553, 217, 399)
(553, 64, 101)
(699, 121, 247)
(547, 218, 399)
(401, 160, 253)
(401, 157, 247)
(547, 64, 101)
(699, 125, 254)
(554, 217, 399)
(554, 64, 101)
(699, 121, 246)
(546, 218, 399)
(401, 161, 254)
(401, 157, 246)
(546, 65, 101)
(699, 126, 255)
(555, 217, 399)
(555, 64, 101)
(699, 121, 245)
(545, 218, 399)
(401, 161, 255)
(401, 156, 245)
(545, 65, 101)
(699, 126, 256)
(556, 217, 399)
(556, 63, 101)
(699, 120, 244)
(544, 218, 399)
(401, 162, 256)
(401, 156, 244)
(544, 65, 101)
(699, 127, 257)
(557, 217, 399)
(557, 63, 101)
(699, 119, 243)
(543, 219, 399)
(401, 162, 257)
(401, 155, 243)
(543, 65, 101)
(699, 127, 258)
(558, 217, 399)
(558, 63, 101)
(699, 119, 242)
(542, 219, 399)
(401, 163, 258)
(401, 154, 242)
(542, 65, 101)
(699, 128, 259)
(559, 217, 399)
(559, 63, 101)
(699, 119, 241)
(541, 219, 399)
(401, 163, 259)
(401, 154, 241)
(541, 65, 101)
(699, 128, 260)
(560, 216, 399)
(560, 63, 101)
(699, 118, 240)
(540, 219, 399)
(401, 164, 260)
(401, 154, 240)
(540, 65, 101)
(699, 129, 261)
(561, 217, 399)
(561, 63, 101)
(699, 117, 239)
(539, 219, 399)
(401, 164, 261)
(401, 153, 239)
(539, 66, 101)
(699, 129, 262)
(562, 216, 399)
(562, 63, 101)
(699, 117, 238)
(538, 219, 399)
(401, 165, 262)
(401, 152, 238)
(538, 65, 101)
(699, 130, 263)
(563, 216, 399)
(563, 63, 101)
(699, 116, 237)
(537, 219, 399)
(401, 165, 263)
(401, 152, 237)
(537, 66, 101)
(699, 130, 264)
(564, 216, 399)
(564, 62, 101)
(699, 116, 236)
(536, 219, 399)
(401, 166, 264)
(401, 152, 236)
(536, 66, 101)
(699, 131, 265)
(565, 216, 399)
(565, 62, 101)
(699, 115, 235)
(535, 219, 399)
(401, 166, 265)
(401, 151, 235)
(535, 66, 101)
(699, 131, 266)
(566, 216, 399)
(566, 62, 101)
(699, 115, 234)
(534, 220, 399)
(401, 167, 266)
(401, 150, 234)
(534, 66, 101)
(699, 132, 267)
(567, 216, 399)
(567, 62, 101)
(699, 114, 233)
(533, 220, 399)
(401, 168, 267)
(401, 150, 233)
(533, 66, 101)
(699, 132, 268)
(568, 216, 399)
(568, 62, 101)
(699, 114, 232)
(532, 220, 399)
(401, 168, 268)
(401, 149, 232)
(532, 66, 101)
(698, 132, 268)
(568, 215, 398)
(568, 62, 102)
(698, 114, 232)
(532, 219, 398)
(402, 168, 268)
(402, 149, 232)
(532, 67, 102)
(698, 133, 269)
(569, 215, 398)
(569, 62, 102)
(698, 113, 231)
(531, 219, 398)
(402, 168, 269)
(402, 149, 231)
(531, 67, 102)
(698, 134, 270)
(570, 215, 398)
(570, 62, 102)
(698, 113, 230)
(530, 219, 398)
(402, 169, 270)
(402, 148, 230)
(530, 67, 102)
(698, 134, 271)
(571, 215, 398)
(571, 62, 102)
(698, 112, 229)
(529, 220, 398)
(402, 169, 271)
(402, 148, 229)
(529, 67, 102)
(698, 135, 272)
(572, 214, 398)
(572, 62, 102)
(698, 112, 228)
(528, 220, 398)
(402, 170, 272)
(402, 147, 228)
(528, 67, 102)
(698, 135, 273)
(573, 214, 398)
(573, 62, 102)
(698, 111, 227)
(527, 220, 398)
(402, 171, 273)
(402, 147, 227)
(527, 67, 102)
(698, 136, 274)
(574, 214, 398)
(574, 62, 102)
(698, 111, 226)
(526, 220, 398)
(402, 171, 274)
(402, 146, 226)
(526, 67, 102)
(698, 136, 275)
(575, 214, 398)
(575, 62, 102)
(698, 110, 225)
(525, 220, 398)
(402, 171, 275)
(402, 146, 225)
(525, 68, 102)
(697, 136, 275)
(575, 214, 397)
(575, 62, 103)
(697, 111, 225)
(525, 220, 397)
(403, 171, 275)
(403, 146, 225)
(525, 68, 103)
(697, 137, 276)
(576, 214, 397)
(576, 62, 103)
(697, 110, 224)
(524, 220, 397)
(403, 172, 276)
(403, 145, 224)
(524, 68, 103)
(697, 137, 277)
(577, 213, 397)
(577, 62, 103)
(697, 109, 223)
(523, 220, 397)
(403, 172, 277)
(403, 145, 223)
(523, 68, 103)
(697, 138, 278)
(578, 213, 397)
(578, 62, 103)
(697, 109, 222)
(522, 220, 397)
(403, 173, 278)
(403, 144, 222)
(522, 69, 103)
(697, 138, 279)
(579, 213, 397)
(579, 62, 103)
(697, 108, 221)
(521, 220, 397)
(403, 174, 279)
(403, 144, 221)
(521, 69, 103)
(697, 139, 280)
(580, 213, 397)
(580, 62, 103)
(697, 108, 220)
(520, 220, 397)
(403, 174, 280)
(403, 143, 220)
(520, 69, 103)
(696, 139, 280)
(580, 213, 396)
(580, 62, 104)
(696, 108, 220)
(520, 220, 396)
(404, 174, 280)
(404, 143, 220)
(520, 69, 104)
(696, 139, 281)
(581, 212, 396)
(581, 62, 104)
(696, 108, 219)
(519, 220, 396)
(404, 174, 281)
(404, 142, 219)
(519, 69, 104)
(696, 140, 282)
(582, 212, 396)
(582, 62, 104)
(696, 107, 218)
(518, 220, 396)
(404, 175, 282)
(404, 142, 218)
(518, 69, 104)
(696, 140, 283)
(583, 212, 396)
(583, 62, 104)
(696, 106, 217)
(517, 220, 396)
(404, 175, 283)
(404, 141, 217)
(517, 70, 104)
(696, 141, 284)
(584, 212, 396)
(584, 62, 104)
(696, 106, 216)
(516, 220, 396)
(404, 176, 284)
(404, 141, 216)
(516, 70, 104)
(696, 141, 285)
(585, 212, 396)
(585, 61, 104)
(696, 105, 215)
(515, 220, 396)
(404, 176, 285)
(404, 140, 215)
(515, 70, 104)
(695, 142, 285)
(585, 211, 395)
(585, 62, 105)
(695, 105, 215)
(515, 220, 395)
(405, 176, 285)
(405, 140, 215)
(515, 70, 105)
(695, 142, 286)
(586, 211, 395)
(586, 62, 105)
(695, 105, 214)
(514, 220, 395)
(405, 177, 286)
(405, 140, 214)
(514, 70, 105)
(695, 143, 287)
(587, 211, 395)
(587, 62, 105)
(695, 105, 213)
(513, 220, 395)
(405, 177, 287)
(405, 139, 213)
(513, 71, 105)
(695, 143, 288)
(588, 211, 395)
(588, 62, 105)
(695, 104, 212)
(512, 220, 395)
(405, 178, 288)
(405, 139, 212)
(512, 71, 105)
(695, 144, 289)
(589, 211, 395)
(589, 61, 105)
(695, 103, 211)
(511, 220, 395)
(405, 178, 289)
(405, 138, 211)
(511, 71, 105)
(694, 144, 289)
(589, 210, 394)
(589, 62, 106)
(694, 104, 211)
(511, 220, 394)
(406, 178, 289)
(406, 138, 211)
(511, 71, 106)
(694, 144, 290)
(590, 210, 394)
(590, 62, 106)
(694, 103, 210)
(510, 220, 394)
(406, 179, 290)
(406, 137, 210)
(510, 72, 106)
(694, 145, 291)
(591, 210, 394)
(591, 62, 106)
(694, 102, 209)
(509, 220, 394)
(406, 179, 291)
(406, 137, 209)
(509, 72, 106)
(694, 145, 292)
(592, 210, 394)
(592, 62, 106)
(694, 102, 208)
(508, 220, 394)
(406, 180, 292)
(406, 136, 208)
(508, 72, 106)
(694, 146, 293)
(593, 210, 394)
(593, 61, 106)
(694, 102, 207)
(507, 220, 394)
(406, 180, 293)
(406, 136, 207)
(507, 72, 106)
(693, 146, 293)
(593, 210, 393)
(593, 62, 107)
(693, 102, 207)
(507, 220, 393)
(407, 180, 293)
(407, 136, 207)
(507, 72, 107)
(693, 146, 294)
(594, 209, 393)
(594, 62, 107)
(693, 101, 206)
(506, 220, 393)
(407, 181, 294)
(407, 135, 206)
(506, 72, 107)
(693, 147, 295)
(595, 209, 393)
(595, 62, 107)
(693, 101, 205)
(505, 220, 393)
(407, 181, 295)
(407, 135, 205)
(505, 73, 107)
(693, 148, 296)
(596, 209, 393)
(596, 62, 107)
(693, 100, 204)
(504, 220, 393)
(407, 182, 296)
(407, 134, 204)
(504, 73, 107)
(692, 148, 296)
(596, 209, 392)
(596, 62, 108)
(692, 100, 204)
(504, 219, 392)
(408, 181, 296)
(408, 134, 204)
(504, 73, 108)
(692, 148, 297)
(597, 208, 392)
(597, 62, 108)
(692, 100, 203)
(503, 220, 392)
(408, 182, 297)
(408, 134, 203)
(503, 73, 108)
(692, 149, 298)
(598, 208, 392)
(598, 62, 108)
(692, 99, 202)
(502, 220, 392)
(408, 183, 298)
(408, 133, 202)
(502, 74, 108)
(692, 149, 299)
(599, 208, 392)
(599, 62, 108)
(692, 99, 201)
(501, 220, 392)
(408, 183, 299)
(408, 133, 201)
(501, 73, 108)
(691, 149, 299)
(599, 208, 391)
(599, 62, 109)
(691, 99, 201)
(501, 219, 391)
(409, 183, 299)
(409, 133, 201)
(501, 74, 109)
(691, 150, 300)
(600, 207, 391)
(600, 62, 109)
(691, 98, 200)
(500, 219, 391)
(409, 184, 300)
(409, 132, 200)
(500, 74, 109)
(691, 150, 301)
(601, 208, 391)
(601, 62, 109)
(691, 98, 199)
(499, 220, 391)
(409, 184, 301)
(409, 131, 199)
(499, 74, 109)
(691, 151, 302)
(602, 207, 391)
(602, 62, 109)
(691, 97, 198)
(498, 220, 391)
(409, 184, 302)
(409, 131, 198)
(498, 74, 109)
(690, 151, 302)
(602, 207, 390)
(602, 62, 110)
(690, 97, 198)
(498, 219, 390)
(410, 185, 302)
(410, 131, 198)
(498, 75, 110)
(690, 151, 303)
(603, 207, 390)
(603, 62, 110)
(690, 97, 197)
(497, 219, 390)
(410, 185, 303)
(410, 130, 197)
(497, 75, 110)
(690, 152, 304)
(604, 207, 390)
(604, 62, 110)
(690, 96, 196)
(496, 219, 390)
(410, 185, 304)
(410, 130, 196)
(496, 75, 110)
(689, 152, 304)
(604, 206, 389)
(604, 63, 111)
(689, 97, 196)
(496, 219, 389)
(411, 185, 304)
(411, 130, 196)
(496, 76, 111)
(689, 153, 305)
(605, 206, 389)
(605, 63, 111)
(689, 96, 195)
(495, 219, 389)
(411, 186, 305)
(411, 129, 195)
(495, 76, 111)
(689, 153, 306)
(606, 206, 389)
(606, 63, 111)
(689, 95, 194)
(494, 219, 389)
(411, 186, 306)
(411, 129, 194)
(494, 76, 111)
(689, 154, 307)
(607, 206, 389)
(607, 62, 111)
(689, 95, 193)
(493, 219, 389)
(411, 187, 307)
(411, 128, 193)
(493, 76, 111)
(688, 154, 307)
(607, 205, 388)
(607, 63, 112)
(688, 95, 193)
(493, 219, 388)
(412, 187, 307)
(412, 128, 193)
(493, 77, 112)
(688, 154, 308)
(608, 205, 388)
(608, 63, 112)
(688, 94, 192)
(492, 219, 388)
(412, 187, 308)
(412, 128, 192)
(492, 77, 112)
(688, 155, 309)
(609, 205, 388)
(609, 63, 112)
(688, 94, 191)
(491, 219, 388)
(412, 188, 309)
(412, 127, 191)
(491, 77, 112)
(687, 155, 309)
(609, 204, 387)
(609, 63, 113)
(687, 94, 191)
(491, 219, 387)
(413, 188, 309)
(413, 127, 191)
(491, 77, 113)
(687, 156, 310)
(610, 204, 387)
(610, 63, 113)
(687, 94, 190)
(490, 219, 387)
(413, 188, 310)
(413, 126, 190)
(490, 78, 113)
(687, 156, 311)
(611, 204, 387)
(611, 63, 113)
(687, 93, 189)
(489, 219, 387)
(413, 189, 311)
(413, 126, 189)
(489, 77, 113)
(687, 156, 312)
(612, 204, 387)
(612, 63, 113)
(687, 93, 188)
(488, 219, 387)
(413, 189, 312)
(413, 125, 188)
(488, 78, 113)
(686, 157, 312)
(612, 203, 386)
(612, 63, 114)
(686, 93, 188)
(488, 218, 386)
(414, 189, 312)
(414, 125, 188)
(488, 78, 114)
(686, 157, 313)
(613, 204, 386)
(613, 63, 114)
(686, 92, 187)
(487, 219, 386)
(414, 190, 313)
(414, 125, 187)
(487, 78, 114)
(686, 157, 314)
(614, 203, 386)
(614, 63, 114)
(686, 92, 186)
(486, 219, 386)
(414, 190, 314)
(414, 124, 186)
(486, 78, 114)
(685, 158, 314)
(614, 203, 385)
(614, 64, 115)
(685, 92, 186)
(486, 218, 385)
(415, 190, 314)
(415, 124, 186)
(486, 79, 115)
(685, 158, 315)
(615, 203, 385)
(615, 64, 115)
(685, 91, 185)
(485, 218, 385)
(415, 190, 315)
(415, 123, 185)
(485, 79, 115)
(685, 159, 316)
(616, 203, 385)
(616, 63, 115)
(685, 91, 184)
(484, 218, 385)
(415, 191, 316)
(415, 123, 184)
(484, 79, 115)
(684, 159, 316)
(616, 202, 384)
(616, 64, 116)
(684, 91, 184)
(484, 218, 384)
(416, 191, 316)
(416, 123, 184)
(484, 80, 116)
(684, 159, 317)
(617, 202, 384)
(617, 64, 116)
(684, 90, 183)
(483, 218, 384)
(416, 191, 317)
(416, 122, 183)
(483, 80, 116)
(684, 160, 318)
(618, 202, 384)
(618, 64, 116)
(684, 90, 182)
(482, 218, 384)
(416, 192, 318)
(416, 122, 182)
(482, 80, 116)
(683, 160, 318)
(618, 201, 383)
(618, 64, 117)
(683, 90, 182)
(482, 218, 383)
(417, 192, 318)
(417, 122, 182)
(482, 80, 117)
(683, 160, 319)
(619, 201, 383)
(619, 64, 117)
(683, 89, 181)
(481, 218, 383)
(417, 192, 319)
(417, 121, 181)
(481, 81, 117)
(683, 161, 320)
(620, 201, 383)
(620, 64, 117)
(683, 89, 180)
(480, 218, 383)
(417, 193, 320)
(417, 121, 180)
(480, 81, 117)
(682, 161, 320)
(620, 201, 382)
(620, 65, 118)
(682, 89, 180)
(480, 217, 382)
(418, 193, 320)
(418, 120, 180)
(480, 81, 118)
(682, 162, 321)
(621, 200, 382)
(621, 64, 118)
(682, 88, 179)
(479, 217, 382)
(418, 193, 321)
(418, 120, 179)
(479, 81, 118)
(682, 162, 322)
(622, 200, 382)
(622, 64, 118)
(682, 88, 178)
(478, 218, 382)
(418, 194, 322)
(418, 120, 178)
(478, 81, 118)
(681, 162, 322)
(622, 200, 381)
(622, 65, 119)
(681, 88, 178)
(478, 217, 381)
(419, 194, 322)
(419, 119, 178)
(478, 82, 119)
(681, 163, 323)
(623, 200, 381)
(623, 65, 119)
(681, 88, 177)
(477, 217, 381)
(419, 194, 323)
(419, 119, 177)
(477, 82, 119)
(681, 164, 324)
(624, 200, 381)
(624, 65, 119)
(681, 87, 176)
(476, 217, 381)
(419, 195, 324)
(419, 119, 176)
(476, 82, 119)
(680, 163, 324)
(624, 199, 380)
(624, 65, 120)
(680, 87, 176)
(476, 217, 380)
(420, 195, 324)
(420, 118, 176)
(476, 83, 120)
(680, 164, 325)
(625, 199, 380)
(625, 65, 120)
(680, 87, 175)
(475, 217, 380)
(420, 195, 325)
(420, 118, 175)
(475, 83, 120)
(679, 164, 325)
(625, 198, 379)
(625, 66, 121)
(679, 87, 175)
(475, 216, 379)
(421, 195, 325)
(421, 117, 175)
(475, 83, 121)
(679, 165, 326)
(626, 198, 379)
(626, 65, 121)
(679, 86, 174)
(474, 216, 379)
(421, 196, 326)
(421, 117, 174)
(474, 83, 121)
(679, 165, 327)
(627, 198, 379)
(627, 65, 121)
(679, 86, 173)
(473, 217, 379)
(421, 196, 327)
(421, 117, 173)
(473, 84, 121)
(678, 165, 327)
(627, 198, 378)
(627, 66, 122)
(678, 86, 173)
(473, 216, 378)
(422, 196, 327)
(422, 116, 173)
(473, 84, 122)
(678, 166, 328)
(628, 198, 378)
(628, 66, 122)
(678, 85, 172)
(472, 216, 378)
(422, 196, 328)
(422, 116, 172)
(472, 84, 122)
(678, 166, 329)
(629, 197, 378)
(629, 66, 122)
(678, 85, 171)
(471, 216, 378)
(422, 197, 329)
(422, 116, 171)
(471, 84, 122)
(677, 166, 329)
(629, 197, 377)
(629, 66, 123)
(677, 85, 171)
(471, 216, 377)
(423, 197, 329)
(423, 115, 171)
(471, 85, 123)
(677, 167, 330)
(630, 197, 377)
(630, 66, 123)
(677, 85, 170)
(470, 216, 377)
(423, 197, 330)
(423, 115, 170)
(470, 85, 123)
(676, 167, 330)
(630, 196, 376)
(630, 66, 124)
(676, 85, 170)
(470, 215, 376)
(424, 197, 330)
(424, 115, 170)
(470, 85, 124)
(676, 167, 331)
(631, 196, 376)
(631, 66, 124)
(676, 84, 169)
(469, 215, 376)
(424, 198, 331)
(424, 114, 169)
(469, 86, 124)
(676, 168, 332)
(632, 196, 376)
(632, 66, 124)
(676, 84, 168)
(468, 216, 376)
(424, 198, 332)
(424, 114, 168)
(468, 86, 124)
(675, 168, 332)
(632, 196, 375)
(632, 67, 125)
(675, 84, 168)
(468, 215, 375)
(425, 198, 332)
(425, 113, 168)
(468, 86, 125)
(675, 169, 333)
(633, 195, 375)
(633, 66, 125)
(675, 83, 167)
(467, 215, 375)
(425, 199, 333)
(425, 113, 167)
(467, 86, 125)
(674, 169, 333)
(633, 195, 374)
(633, 67, 126)
(674, 83, 167)
(467, 215, 374)
(426, 199, 333)
(426, 113, 167)
(467, 87, 126)
(674, 169, 334)
(634, 195, 374)
(634, 67, 126)
(674, 83, 166)
(466, 215, 374)
(426, 199, 334)
(426, 112, 166)
(466, 87, 126)
(674, 170, 335)
(635, 195, 374)
(635, 67, 126)
(674, 82, 165)
(465, 215, 374)
(426, 199, 335)
(426, 112, 165)
(465, 87, 126)
(673, 170, 335)
(635, 194, 373)
(635, 67, 127)
(673, 82, 165)
(465, 215, 373)
(427, 199, 335)
(427, 112, 165)
(465, 88, 127)
(673, 170, 336)
(636, 194, 373)
(636, 67, 127)
(673, 82, 164)
(464, 214, 373)
(427, 200, 336)
(427, 111, 164)
(464, 88, 127)
(672, 171, 336)
(636, 194, 372)
(636, 68, 128)
(672, 82, 164)
(464, 214, 372)
(428, 200, 336)
(428, 111, 164)
(464, 88, 128)
(672, 171, 337)
(637, 193, 372)
(637, 68, 128)
(672, 81, 163)
(463, 214, 372)
(428, 200, 337)
(428, 111, 163)
(463, 88, 128)
(672, 172, 338)
(638, 193, 372)
(638, 67, 128)
(672, 81, 162)
(462, 214, 372)
(428, 201, 338)
(428, 110, 162)
(462, 89, 128)
(671, 172, 338)
(638, 193, 371)
(638, 68, 129)
(671, 81, 162)
(462, 214, 371)
(429, 201, 338)
(429, 110, 162)
(462, 89, 129)
(671, 172, 339)
(639, 193, 371)
(639, 68, 129)
(671, 81, 161)
(461, 214, 371)
(429, 201, 339)
(429, 109, 161)
(461, 89, 129)
(670, 172, 339)
(639, 192, 370)
(639, 68, 130)
(670, 81, 161)
(461, 213, 370)
(430, 201, 339)
(430, 109, 161)
(461, 90, 130)
(670, 173, 340)
(640, 192, 370)
(640, 68, 130)
(670, 80, 160)
(460, 214, 370)
(430, 202, 340)
(430, 109, 160)
(460, 90, 130)
(670, 173, 341)
(641, 192, 370)
(641, 68, 130)
(670, 80, 159)
(459, 213, 370)
(430, 202, 341)
(430, 108, 159)
(459, 90, 130)
(669, 174, 341)
(641, 191, 369)
(641, 69, 131)
(669, 80, 159)
(459, 213, 369)
(431, 202, 341)
(431, 108, 159)
(459, 90, 131)
(669, 174, 342)
(642, 191, 369)
(642, 69, 131)
(669, 79, 158)
(458, 213, 369)
(431, 202, 342)
(431, 108, 158)
(458, 91, 131)
(668, 174, 342)
(642, 191, 368)
(642, 69, 132)
(668, 79, 158)
(458, 213, 368)
(432, 202, 342)
(432, 108, 158)
(458, 91, 132)
(668, 175, 343)
(643, 191, 368)
(643, 69, 132)
(668, 79, 157)
(457, 213, 368)
(432, 203, 343)
(432, 107, 157)
(457, 91, 132)
(667, 175, 343)
(643, 190, 367)
(643, 70, 133)
(667, 79, 157)
(457, 212, 367)
(433, 203, 343)
(433, 107, 157)
(457, 92, 133)
(667, 175, 344)
(644, 190, 367)
(644, 69, 133)
(667, 78, 156)
(456, 212, 367)
(433, 203, 344)
(433, 106, 156)
(456, 92, 133)
(666, 175, 344)
(644, 190, 366)
(644, 70, 134)
(666, 79, 156)
(456, 212, 366)
(434, 203, 344)
(434, 106, 156)
(456, 93, 134)
(666, 176, 345)
(645, 189, 366)
(645, 70, 134)
(666, 78, 155)
(455, 212, 366)
(434, 204, 345)
(434, 106, 155)
(455, 92, 134)
(666, 176, 346)
(646, 189, 366)
(646, 70, 134)
(666, 78, 154)
(454, 212, 366)
(434, 204, 346)
(434, 105, 154)
(454, 93, 134)
(665, 177, 346)
(646, 189, 365)
(646, 70, 135)
(665, 78, 154)
(454, 212, 365)
(435, 204, 346)
(435, 105, 154)
(454, 93, 135)
(665, 177, 347)
(647, 189, 365)
(647, 70, 135)
(665, 77, 153)
(453, 212, 365)
(435, 205, 347)
(435, 105, 153)
(453, 93, 135)
(664, 177, 347)
(647, 188, 364)
(647, 70, 136)
(664, 77, 153)
(453, 211, 364)
(436, 204, 347)
(436, 105, 153)
(453, 94, 136)
(664, 178, 348)
(648, 188, 364)
(648, 71, 136)
(664, 77, 152)
(452, 211, 364)
(436, 205, 348)
(436, 104, 152)
(452, 94, 136)
(663, 178, 348)
(648, 188, 363)
(648, 71, 137)
(663, 77, 152)
(452, 211, 363)
(437, 205, 348)
(437, 104, 152)
(452, 94, 137)
(663, 178, 349)
(649, 187, 363)
(649, 71, 137)
(663, 76, 151)
(451, 211, 363)
(437, 205, 349)
(437, 103, 151)
(451, 94, 137)
(662, 178, 349)
(649, 187, 362)
(649, 71, 138)
(662, 77, 151)
(451, 211, 362)
(438, 205, 349)
(438, 103, 151)
(451, 95, 138)
(662, 179, 350)
(650, 187, 362)
(650, 71, 138)
(662, 76, 150)
(450, 210, 362)
(438, 206, 350)
(438, 103, 150)
(450, 95, 138)
(661, 179, 350)
(650, 186, 361)
(650, 72, 139)
(661, 76, 150)
(450, 210, 361)
(439, 206, 350)
(439, 103, 150)
(450, 96, 139)
(661, 180, 351)
(651, 186, 361)
(651, 72, 139)
(661, 76, 149)
(449, 210, 361)
(439, 206, 351)
(439, 102, 149)
(449, 96, 139)
(660, 180, 351)
(651, 185, 360)
(651, 72, 140)
(660, 76, 149)
(449, 210, 360)
(440, 206, 351)
(440, 102, 149)
(449, 96, 140)
(660, 180, 352)
(652, 185, 360)
(652, 72, 140)
(660, 75, 148)
(448, 210, 360)
(440, 207, 352)
(440, 101, 148)
(448, 96, 140)
(659, 180, 352)
(652, 185, 359)
(652, 73, 141)
(659, 75, 148)
(448, 209, 359)
(441, 207, 352)
(441, 101, 148)
(448, 97, 141)
(659, 181, 353)
(653, 185, 359)
(653, 72, 141)
(659, 75, 147)
(447, 209, 359)
(441, 207, 353)
(441, 101, 147)
(447, 97, 141)
(659, 181, 354)
(654, 185, 359)
(654, 72, 141)
(659, 74, 146)
(446, 210, 359)
(441, 207, 354)
(441, 100, 146)
(446, 97, 141)
(658, 182, 354)
(654, 184, 358)
(654, 73, 142)
(658, 74, 146)
(446, 209, 358)
(442, 207, 354)
(442, 100, 146)
(446, 98, 142)
(658, 182, 355)
(655, 184, 358)
(655, 73, 142)
(658, 74, 145)
(445, 209, 358)
(442, 208, 355)
(442, 100, 145)
(445, 98, 142)
(657, 182, 355)
(655, 183, 357)
(655, 73, 143)
(657, 74, 145)
(445, 209, 357)
(443, 208, 355)
(443, 100, 145)
(445, 98, 143)
(657, 183, 356)
(656, 183, 357)
(656, 73, 143)
(657, 74, 144)
(444, 209, 357)
(443, 208, 356)
(443, 99, 144)
(444, 98, 143)
(656, 183, 356)
(656, 74, 144)
(444, 208, 356)
(444, 99, 144)
