[(300, 337), (300, 82), (481, 390)]
[(119, 390), (481, 390), (300, 82)]
[(300, 518), (119, 210), (481, 210)]
[(300, 263), (119, 210), (481, 210)]
[(300, 263), (300, 518), (481, 210)]
[(119, 210), (300, 263), (300, 518)]
[(119, 390), (300, 337), (481, 390)]
[(119, 390), (300, 337), (300, 82)]
[[0 0 0 ... 0 0 0]
 [0 0 0 ... 0 0 0]
 [0 0 0 ... 0 0 0]
 ...
 [0 0 0 ... 0 0 0]
 [0 0 0 ... 0 0 0]
 [0 0 0 ... 0 0 0]]
{(481, 210): [(300, 337), (300, 82), (481, 390)], (300, 263): [(119, 390), (481, 390), (300, 82)], (300, 337): [(300, 518), (119, 210), (481, 210)], (300, 82): [(300, 263), (119, 210), (481, 210)], (481, 390): [(300, 263), (300, 518), (481, 210)], (119, 390): [(119, 210), (300, 263), (300, 518)], (300, 518): [(119, 390), (300, 337), (481, 390)], (119, 210): [(119, 390), (300, 337), (300, 82)]}
